#Model generated with Minecraft Model Studio

#Number of verticies: 84
#Number of texture coordinates: 160
#Number of normals: 26
#Number of groups: 8

#Verticies
v 0.4375 0 0.4375
v 0.4375 0 -0.4375
v 0.4375 0.625 0.4375
v 0.4375 0.625 -0.4375
v -0.4375 0.625 0.4375
v -0.4375 0.625 -0.4375
v -0.4375 0 0.4375
v -0.4375 0 -0.4375
v 0.3125 0.125 -0.40625
v 0.3125 0.125 -0.46875
v 0.3125 0.75 -0.40625
v 0.3125 0.75 -0.46875
v -0.3125 0.75 -0.40625
v -0.3125 0.75 -0.46875
v -0.3125 0.125 -0.40625
v -0.3125 0.125 -0.46875
v 0.4375 0.625 -0.375
v 0.4375 0.9375 0.4375
v 0.4375 0.9375 -0.375
v 0.375 0.9375 0.4375
v 0.375 0.9375 -0.375
v 0.375 0.625 0.4375
v 0.375 0.625 -0.375
v 0.4375 0.9375 -0.4375
v -0.375 0.9375 -0.375
v -0.375 0.9375 -0.4375
v -0.375 0.625 -0.375
v -0.375 0.625 -0.4375
v -0.375 0.625 0.375
v -0.375 0.9375 0.375
v -0.4375 0.9375 0.375
v -0.4375 0.9375 -0.4375
v -0.4375 0.625 0.375
v 0.375 0.625 0.375
v 0.375 0.9375 0.375
v -0.4375 0.9375 0.4375
v 0.375 0.875 0.375
v 0.375 0.875 -0.375
v -0.375 0.875 0.375
v -0.375 0.875 -0.375
v 0.46875 0.5 0.46875
v 0.46875 0.5 -0.15625
v 0.46875 0.625 0.46875
v 0.46875 0.625 -0.15625
v -0.46875 0.625 0.46875
v -0.46875 0.625 -0.15625
v -0.46875 0.5 0.46875
v -0.46875 0.5 -0.15625
v 0.5547340512275696 1.060600996017456 -0.2895689904689789
v 0.6468248963356018 0.32199516892433167 -0.3816598653793335
v 0.2895689904689789 1.060600996017456 -0.5547340512275696
v 0.3816598653793335 0.32199516892433167 -0.6468248963356018
v -0.2895689904689789 1.060600996017456 -0.5547340512275696
v -0.3816598653793335 0.32199516892433167 -0.6468248963356018
v -0.5547340512275696 1.060600996017456 -0.2895689904689789
v -0.6468248963356018 0.32199516892433167 -0.3816598653793335
v 0.375 0.5066466331481934 0.5134710669517517
v 0.375 0.875949501991272 0.44835302233695984
v -0.375 0.5066466331481934 0.5134710669517517
v -0.375 0.875949501991272 0.44835302233695984
v 0.109375 0.44509613513946533 0.5243240594863892
v 0.109375 0.7528485655784607 0.47005903720855713
v 0.109375 0.4559491276741028 0.5858745574951172
v 0.109375 0.7637015581130981 0.5316095352172852
v 0.046875 0.4559491276741028 0.5858745574951172
v 0.046875 0.7637015581130981 0.5316095352172852
v 0.046875 0.44509613513946533 0.5243240594863892
v 0.046875 0.7528485655784607 0.47005903720855713
v -0.046875 0.44509613513946533 0.5243240594863892
v -0.046875 0.7528485655784607 0.47005903720855713
v -0.046875 0.4559491276741028 0.5858745574951172
v -0.046875 0.7637015581130981 0.5316095352172852
v -0.109375 0.4559491276741028 0.5858745574951172
v -0.109375 0.7637015581130981 0.5316095352172852
v -0.109375 0.44509613513946533 0.5243240594863892
v -0.109375 0.7528485655784607 0.47005903720855713
v 0.03125 1 -0.40625
v 0.03125 0.75 -0.40625
v 0.03125 1 -0.46875
v 0.03125 0.75 -0.46875
v -0.03125 1 -0.46875
v -0.03125 0.75 -0.46875
v -0.03125 1 -0.40625
v -0.03125 0.75 -0.40625

#Texture Coordinates
vt 0.5625 0.8125
vt 0.78125 0.8125
vt 0.5625 0.890625
vt 0.78125 0.890625
vt 0.34375 0.890625
vt 0.34375 1
vt 0.5625 1
vt 0.34375 0.8125
vt 0.125 0.8125
vt 0.125 0.890625
vt 0.78125 1
vt 1 0.8125
vt 1 0.890625
vt 0.828125 0
vt 0.84375 0
vt 0.828125 0.078125
vt 0.84375 0.078125
vt 0.671875 0.078125
vt 0.671875 0.0859375
vt 0.828125 0.0859375
vt 0.671875 0
vt 0.65625 0
vt 0.65625 0.078125
vt 0.984375 0.0859375
vt 0.984375 0.078125
vt 1 0
vt 1 0.078125
vt 0.78125 0.6640625
vt 0.984375 0.6640625
vt 0.78125 0.703125
vt 0.984375 0.703125
vt 0.765625 0.703125
vt 0.765625 0.8046875
vt 0.78125 0.8046875
vt 0.765625 0.6640625
vt 0.5625 0.6640625
vt 0.5625 0.703125
vt 0.796875 0.8046875
vt 0.796875 0.703125
vt 1 0.6640625
vt 1 0.703125
vt 0.328125 0.7578125
vt 0.34375 0.7578125
vt 0.328125 0.796875
vt 0.34375 0.796875
vt 0.125 0.796875
vt 0.125 0.8046875
vt 0.328125 0.8046875
vt 0.125 0.7578125
vt 0.109375 0.7578125
vt 0.109375 0.796875
vt 0.53125 0.8046875
vt 0.53125 0.796875
vt 0.546875 0.7578125
vt 0.546875 0.796875
vt 0.328125 0.609375
vt 0.53125 0.609375
vt 0.328125 0.6484375
vt 0.53125 0.6484375
vt 0.3125 0.6484375
vt 0.3125 0.75
vt 0.328125 0.75
vt 0.3125 0.609375
vt 0.109375 0.609375
vt 0.109375 0.6484375
vt 0.34375 0.75
vt 0.34375 0.6484375
vt 0.546875 0.609375
vt 0.546875 0.6484375
vt 0.78125 0.609375
vt 0.796875 0.609375
vt 0.78125 0.6484375
vt 0.796875 0.6484375
vt 0.578125 0.6484375
vt 0.578125 0.65625
vt 0.78125 0.65625
vt 0.578125 0.609375
vt 0.5625 0.609375
vt 0.5625 0.6484375
vt 0.984375 0.65625
vt 0.984375 0.6484375
vt 1 0.609375
vt 1 0.6484375
vt 0.625 0.5078125
vt 0.8125 0.5078125
vt 0.4375 0.5078125
vt 0.4375 0.6015625
vt 0.625 0.6015625
vt 0.25 0.5078125
vt 0.8125 0.6015625
vt 1 0.5078125
vt 0.609375 0.40625
vt 0.765625 0.40625
vt 0.609375 0.421875
vt 0.765625 0.421875
vt 0.375 0.421875
vt 0.375 0.5
vt 0.609375 0.5
vt 0.375 0.40625
vt 0.21875 0.40625
vt 0.21875 0.421875
vt 0.84375 0.5
vt 0.84375 0.421875
vt 1 0.40625
vt 1 0.421875
vt 0.71875 0.25
vt 0.90625 0.25
vt 0.625 0.25
vt 0.625 0.34375
vt 0.71875 0.34375
vt 0.4375 0.25
vt 0.8125 0.34375
vt 0.8125 0.25
vt 1 0.25
vt 0.71875 0.1484375
vt 0.90625 0.1484375
vt 0.625 0.1484375
vt 0.625 0.2421875
vt 0.71875 0.2421875
vt 0.4375 0.1484375
vt 0.8125 0.2421875
vt 0.8125 0.1484375
vt 1 0.1484375
vt 0.71875 0.3515625
vt 0.8125 0.3515625
vt 0.53125 0.3515625
vt 0.53125 0.3984375
vt 0.71875 0.3984375
vt 0.4375 0.3515625
vt 0.90625 0.3984375
vt 0.90625 0.3515625
vt 1 0.3515625
vt 0.90625 0.09375
vt 0.984375 0.09375
vt 0.90625 0.1015625
vt 0.984375 0.1015625
vt 0.890625 0.1015625
vt 0.890625 0.140625
vt 0.90625 0.140625
vt 0.890625 0.09375
vt 0.8125 0.09375
vt 0.8125 0.1015625
vt 0.921875 0.140625
vt 0.921875 0.1015625
vt 1 0.09375
vt 1 0.1015625
vt 0.71875 0.1015625
vt 0.78125 0.1015625
vt 0.71875 0.109375
vt 0.78125 0.109375
vt 0.703125 0.109375
vt 0.703125 0.140625
vt 0.71875 0.140625
vt 0.703125 0.1015625
vt 0.640625 0.1015625
vt 0.640625 0.109375
vt 0.734375 0.140625
vt 0.734375 0.109375
vt 0.796875 0.1015625
vt 0.796875 0.109375

#Normals
vn 1 0 0
vn 0 1 0
vn 0 0 1
vn -1 0 0
vn 0 -1 0
vn 0 0 -1
vn 0.7071067690849304 0.000000000000000013877787807814457 0.7071067690849304
vn 0.6963642239570618 0.1736481785774231 -0.6963642239570618
vn -0.12278780341148376 0.9848077297210693 0.12278780341148376
vn -0.7071067690849304 -0.000000000000000013877787807814457 -0.7071067690849304
vn -0.6963642239570618 -0.1736481785774231 0.6963642239570618
vn 0.12278780341148376 -0.9848077297210693 -0.12278780341148376
vn 0.7071067690849304 -0.000000000000000013877787807814457 -0.7071067690849304
vn -0.6963642239570618 0.1736481785774231 -0.6963642239570618
vn 0.12278780341148376 0.9848077297210693 0.12278780341148376
vn -0.7071067690849304 0.000000000000000013877787807814457 0.7071067690849304
vn 0.6963642239570618 -0.1736481785774231 0.6963642239570618
vn -0.12278780341148376 -0.9848077297210693 -0.12278780341148376
vn 0 0.1736481785774231 0.9848077297210693
vn 0 -0.9848077297210693 0.1736481785774231
vn 0 -0.1736481785774231 -0.9848077297210693
vn 0 0.9848077297210693 -0.1736481785774231
vn 0 0.0000000000000002220446049250313 -1
vn 0 1 0.0000000000000002220446049250313
vn 0 -0.0000000000000002220446049250313 1
vn 0 -1 -0.0000000000000002220446049250313

g root
#Number of faces: 72

f 1/1/1 2/2/1 3/3/1
f 3/3/1 2/2/1 4/4/1
f 5/5/2 3/3/2 6/6/2
f 6/6/2 3/3/2 4/7/2
f 7/8/3 1/1/3 5/5/3
f 5/5/3 1/1/3 3/3/3
f 8/9/4 7/8/4 6/10/4
f 6/10/4 7/8/4 5/5/4
f 1/11/5 7/7/5 2/4/5
f 2/4/5 7/7/5 8/3/5
f 2/2/6 8/12/6 4/4/6
f 4/4/6 8/12/6 6/13/6
f 9/14/1 10/15/1 11/16/1
f 11/16/1 10/15/1 12/17/1
f 13/18/2 11/16/2 14/19/2
f 14/19/2 11/16/2 12/20/2
f 15/21/3 9/14/3 13/18/3
f 13/18/3 9/14/3 11/16/3
f 16/22/4 15/21/4 14/23/4
f 14/23/4 15/21/4 13/18/4
f 9/24/5 15/20/5 10/25/5
f 10/25/5 15/20/5 16/16/5
f 10/15/6 16/26/6 12/17/6
f 12/17/6 16/26/6 14/27/6
f 3/28/1 17/29/1 18/30/1
f 18/30/1 17/29/1 19/31/1
f 20/32/2 18/30/2 21/33/2
f 21/33/2 18/30/2 19/34/2
f 22/35/3 3/28/3 20/32/3
f 20/32/3 3/28/3 18/30/3
f 23/36/4 22/35/4 21/37/4
f 21/37/4 22/35/4 20/32/4
f 3/38/5 22/34/5 17/39/5
f 17/39/5 22/34/5 23/30/5
f 17/29/6 23/40/6 19/31/6
f 19/31/6 23/40/6 21/41/6
f 17/42/1 4/43/1 19/44/1
f 19/44/1 4/43/1 24/45/1
f 25/46/2 19/44/2 26/47/2
f 26/47/2 19/44/2 24/48/2
f 27/49/3 17/42/3 25/46/3
f 25/46/3 17/42/3 19/44/3
f 28/50/4 27/49/4 26/51/4
f 26/51/4 27/49/4 25/46/4
f 17/52/5 27/48/5 4/53/5
f 4/53/5 27/48/5 28/44/5
f 4/43/6 28/54/6 24/45/6
f 24/45/6 28/54/6 26/55/6
f 29/56/1 28/57/1 30/58/1
f 30/58/1 28/57/1 26/59/1
f 31/60/2 30/58/2 32/61/2
f 32/61/2 30/58/2 26/62/2
f 33/63/3 29/56/3 31/60/3
f 31/60/3 29/56/3 30/58/3
f 6/64/4 33/63/4 32/65/4
f 32/65/4 33/63/4 31/60/4
f 29/66/5 33/62/5 28/67/5
f 28/67/5 33/62/5 6/58/5
f 28/57/6 6/68/6 26/59/6
f 26/59/6 6/68/6 32/69/6
f 22/70/1 34/71/1 20/72/1
f 20/72/1 34/71/1 35/73/1
f 36/74/2 20/72/2 31/75/2
f 31/75/2 20/72/2 35/76/2
f 5/77/3 22/70/3 36/74/3
f 36/74/3 22/70/3 20/72/3
f 33/78/4 5/77/4 31/79/4
f 31/79/4 5/77/4 36/74/4
f 22/80/5 5/76/5 34/81/5
f 34/81/5 5/76/5 33/72/5
f 34/71/6 33/82/6 35/73/6
f 35/73/6 33/82/6 31/83/6

g tray
#Number of faces: 12

f 37/84/1 38/85/1 37/84/1
f 37/84/1 38/85/1 38/85/1
f 39/86/2 37/84/2 40/87/2
f 40/87/2 37/84/2 38/88/2
f 39/86/3 37/84/3 39/86/3
f 39/86/3 37/84/3 37/84/3
f 40/89/4 39/86/4 40/89/4
f 40/89/4 39/86/4 39/86/4
f 37/90/5 39/88/5 38/85/5
f 38/85/5 39/88/5 40/84/5
f 38/85/6 40/91/6 38/85/6
f 38/85/6 40/91/6 40/91/6

g piston
#Number of faces: 12

f 41/92/1 42/93/1 43/94/1
f 43/94/1 42/93/1 44/95/1
f 45/96/2 43/94/2 46/97/2
f 46/97/2 43/94/2 44/98/2
f 47/99/3 41/92/3 45/96/3
f 45/96/3 41/92/3 43/94/3
f 48/100/4 47/99/4 46/101/4
f 46/101/4 47/99/4 45/96/4
f 41/102/5 47/98/5 42/103/5
f 42/103/5 47/98/5 48/94/5
f 42/93/6 48/104/6 44/95/6
f 44/95/6 48/104/6 46/105/6

g door_leaf_0
#Number of faces: 12

f 49/106/7 50/107/7 49/106/7
f 49/106/7 50/107/7 50/107/7
f 51/108/8 49/106/8 52/109/8
f 52/109/8 49/106/8 50/110/8
f 51/108/9 49/106/9 51/108/9
f 51/108/9 49/106/9 49/106/9
f 52/111/10 51/108/10 52/111/10
f 52/111/10 51/108/10 51/108/10
f 49/112/11 51/110/11 50/113/11
f 50/113/11 51/110/11 52/106/11
f 50/107/12 52/114/12 50/107/12
f 50/107/12 52/114/12 52/114/12

g door_leaf_1
#Number of faces: 12

f 53/115/13 54/116/13 53/115/13
f 53/115/13 54/116/13 54/116/13
f 55/117/14 53/115/14 56/118/14
f 56/118/14 53/115/14 54/119/14
f 55/117/15 53/115/15 55/117/15
f 55/117/15 53/115/15 53/115/15
f 56/120/16 55/117/16 56/120/16
f 56/120/16 55/117/16 55/117/16
f 53/121/17 55/119/17 54/122/17
f 54/122/17 55/119/17 56/115/17
f 54/116/18 56/123/18 54/116/18
f 54/116/18 56/123/18 56/123/18

g door_leaf_2
#Number of faces: 12

f 57/124/1 58/125/1 57/124/1
f 57/124/1 58/125/1 58/125/1
f 59/126/19 57/124/19 60/127/19
f 60/127/19 57/124/19 58/128/19
f 59/126/20 57/124/20 59/126/20
f 59/126/20 57/124/20 57/124/20
f 60/129/4 59/126/4 60/129/4
f 60/129/4 59/126/4 59/126/4
f 57/130/21 59/128/21 58/131/21
f 58/131/21 59/128/21 60/124/21
f 58/125/22 60/132/22 58/125/22
f 58/125/22 60/132/22 60/132/22

g door_lock_1
#Number of faces: 24

f 61/133/1 62/134/1 63/135/1
f 63/135/1 62/134/1 64/136/1
f 65/137/19 63/135/19 66/138/19
f 66/138/19 63/135/19 64/139/19
f 67/140/20 61/133/20 65/137/20
f 65/137/20 61/133/20 63/135/20
f 68/141/4 67/140/4 66/142/4
f 66/142/4 67/140/4 65/137/4
f 61/143/21 67/139/21 62/144/21
f 62/144/21 67/139/21 68/135/21
f 62/134/22 68/145/22 64/136/22
f 64/136/22 68/145/22 66/146/22
f 69/133/1 70/134/1 71/135/1
f 71/135/1 70/134/1 72/136/1
f 73/137/19 71/135/19 74/138/19
f 74/138/19 71/135/19 72/139/19
f 75/140/20 69/133/20 73/137/20
f 73/137/20 69/133/20 71/135/20
f 76/141/4 75/140/4 74/142/4
f 74/142/4 75/140/4 73/137/4
f 69/143/21 75/139/21 70/144/21
f 70/144/21 75/139/21 76/135/21
f 70/134/22 76/145/22 72/136/22
f 72/136/22 76/145/22 74/146/22

g door_lock_0
#Number of faces: 12

f 77/147/1 78/148/1 79/149/1
f 79/149/1 78/148/1 80/150/1
f 81/151/23 79/149/23 82/152/23
f 82/152/23 79/149/23 80/153/23
f 83/154/24 77/147/24 81/151/24
f 81/151/24 77/147/24 79/149/24
f 84/155/4 83/154/4 82/156/4
f 82/156/4 83/154/4 81/151/4
f 77/157/25 83/153/25 78/158/25
f 78/158/25 83/153/25 84/149/25
f 78/148/26 84/159/26 80/150/26
f 80/150/26 84/159/26 82/160/26

